Gwyddion resource GwyGradient
0 1 1 1 1
0.0104167 1 1 1 1
0.0208333 0.956863 0.956863 0.968627 1
0.03125 0.894118 0.898039 0.92549 1
0.0520833 0.733333 0.741176 0.8 1
0.0729167 0.556863 0.568627 0.65098 1
0.0833333 0.494118 0.505882 0.580392 1
0.125 0.176471 0.172549 0.192157 1
0.145833 0.0470588 0.0470588 0.0392157 1
0.15625 0 0 0.00784314 1
0.166667 0 0 0.0117647 1
0.171875 0 0 0.0470588 1
0.182292 0.0117647 0.0352941 0.164706 1
0.192708 0.0666667 0.105882 0.286275 1
0.197917 0.0862745 0.129412 0.317647 1
0.208333 0.129412 0.176471 0.356863 1
0.239583 0.321569 0.352941 0.513725 1
0.255208 0.376471 0.423529 0.545098 1
0.265625 0.372549 0.458824 0.537255 1
0.270833 0.341176 0.47451 0.52549 1
0.28125 0.25098 0.486275 0.482353 1
0.296875 0.113725 0.486275 0.376471 1
0.3125 0.00784314 0.490196 0.278431 1
0.317708 0.117647 0.47451 0.254902 1
0.322917 0.141176 0.443137 0.223529 1
0.328125 0.207843 0.396078 0.196078 1
0.354167 0.784314 0.0862745 0.0627451 1
0.364583 0.94902 0.0235294 0.027451 1
0.369792 0.992157 0 0.0156863 1
0.385417 0.996078 0.00784314 0 1
0.411458 0.968627 0.0117647 0 1
0.4375 0.913725 0.0705882 0.00392157 1
0.453125 0.87451 0.0745098 0 1
0.458333 0.862745 0.0980392 0 1
0.479167 0.803922 0.133333 0 1
0.484375 0.776471 0.164706 0 1
0.494792 0.752941 0.168627 0.00392157 1
0.5 0.721569 0.196078 0.00784314 1
0.541667 0.564706 0.290196 0 1
0.588542 0.376471 0.423529 0.0235294 1
0.635417 0.219608 0.537255 0.0470588 1
0.677083 0.105882 0.635294 0.0627451 1
0.697917 0.113725 0.67451 0.0823529 1
0.723958 0.0313725 0.717647 0.0784314 1
0.729167 0.0784314 0.729412 0.0980392 1
0.734375 0.0745098 0.741176 0.101961 1
0.739583 0.0352941 0.756863 0.109804 1
0.744792 0.0666667 0.772549 0.117647 1
0.755208 0.0705882 0.796078 0.133333 1
0.765625 0.137255 0.815686 0.156863 1
0.786458 0.215686 0.843137 0.184314 1
0.8125 0.360784 0.882353 0.235294 1
0.828125 0.470588 0.890196 0.266667 1
0.848958 0.564706 0.913725 0.313725 1
0.859375 0.635294 0.921569 0.337255 1
0.869792 0.666667 0.929412 0.356863 1
0.880208 0.733333 0.933333 0.384314 1
0.901042 0.792157 0.94902 0.427451 1
0.927083 0.862745 0.952941 0.545098 1
0.973958 0.898039 0.929412 0.788235 1
1 0.905882 0.909804 0.882353 1
